##海洋气象预报
omf_template_lon=118.23437,119.27297,120.311584,121.14247
omf_template_lat=37.995525,38.971107,39.93344,40.882442
##海洋环境预报
oef_bohai_current_lon=118.458336,119.375,120.291664,121.166664
oef_bohai_current_lat=37.125,37.375,37.625,37.875